Simple plain text exporter for demo purposes

See http://www.grantlee.org/apidox/for_themers.html for more information

Custom values (from the <bodies> section)
    Grav: 9.81

List of all bodies:


    Name:               cave
    Custom values (from the <bodies> section):
        Identifier:     0
        FixedRotation:  NO

        AnchorPointRel: { 0.000,1.000 }
        AnchorPointAbs: { 0.000,600.000 }
        Size:           { 1024.000,600.000 }
    
    List of all fixtures:

        ----------------------------------------------------------
        fixtureType:             POLYGON

        Box2D special values (only available if box2d is active):
            filter_groupIndex:   
            filter_categoryBits: 
            filter_maskBits:     

        Custom values (from the <fixtures> section):
            density:             2
            friction:            0.6
            restitution:         0.3
            isSensor:            NO


        Hull polygon:
             (534, -600.5)  , (1014, -600.5)  , (1012, -0.5)  , (724, -0.5)  , (696.5, -36)  , (740.5, -117)  , (816, -92.5)  , (890, -167.5)  , (890.5, -230)  , (935.5, -273)  , (911, -330.5)  , (865, -327.5)  , (829, -376.5)  , (792.5, -356)  , (703, -399.5)  , (668, -373.5)  , (651.5, -419)  , (606, -400.5)  , (575.5, -456)  , (539.5, -407)  , (509.5, -458)  , (483, -440.5)  , (457.5, -479)  , (435, -460.5)  , (395.5, -483)  , (375, -443)  , (348, -441)  , (337.5, -501)  , (292, -496.5)  , (250, -455.5)  , (214, -491)  , (144.5, -516)  , (165, -600.5)  , (533, -600.5) 

        Convex sub polygons:

             (509.5, -458)  , (575.5, -456)  , (539.5, -407) 
             (651.5, -419)  , (703, -399.5)  , (668, -373.5) 
             (214, -491)  , (165, -600.5)  , (292, -496.5)  , (250, -455.5) 
             (165, -600.5)  , (214, -491)  , (144.5, -516) 
             (816, -92.5)  , (1012, -0.5)  , (724, -0.5)  , (696.5, -36)  , (740.5, -117) 
             (575.5, -456)  , (533, -600.5)  , (651.5, -419)  , (606, -400.5) 
             (457.5, -479)  , (509.5, -458)  , (483, -440.5) 
             (395.5, -483)  , (457.5, -479)  , (435, -460.5) 
             (829, -376.5)  , (911, -330.5)  , (865, -327.5) 
             (533, -600.5)  , (337.5, -501)  , (292, -496.5)  , (165, -600.5) 
             (337.5, -501)  , (395.5, -483)  , (375, -443)  , (348, -441) 
             (935.5, -273)  , (1012, -0.5)  , (890, -167.5)  , (890.5, -230) 
             (890, -167.5)  , (1012, -0.5)  , (816, -92.5) 
             (703, -399.5)  , (533, -600.5)  , (534, -600.5)  , (829, -376.5)  , (792.5, -356) 
             (935.5, -273)  , (1014, -600.5)  , (1012, -0.5) 
             (457.5, -479)  , (533, -600.5)  , (575.5, -456)  , (509.5, -458) 
             (911, -330.5)  , (1014, -600.5)  , (935.5, -273) 
             (911, -330.5)  , (829, -376.5)  , (534, -600.5)  , (1014, -600.5) 
             (337.5, -501)  , (533, -600.5)  , (457.5, -479)  , (395.5, -483) 
             (533, -600.5)  , (703, -399.5)  , (651.5, -419) 


        ----------------------------------------------------------
        fixtureType:             POLYGON

        Box2D special values (only available if box2d is active):
            filter_groupIndex:   
            filter_categoryBits: 
            filter_maskBits:     

        Custom values (from the <fixtures> section):
            density:             1
            friction:            0.6
            restitution:         0.3
            isSensor:            NO


        Hull polygon:
             (6, -358)  , (30, -373)  , (63, -378)  , (85, -369)  , (82, -309)  , (108, -293)  , (84, -270)  , (69, -211)  , (97, -184)  , (112, -181)  , (119, -161)  , (147, -152)  , (119, -152)  , (130, -135)  , (199, -120)  , (216, -132)  , (238, -87)  , (305, -114)  , (349, -98)  , (363, -115)  , (394, -79)  , (414, -87)  , (418, -158)  , (376, -171)  , (374, -199)  , (387, -205)  , (409, -191)  , (569, -187)  , (535, -79)  , (530, -3)  , (454, -4)  , (351, -8)  , (-1, -3)  , (6, -318) 

        Convex sub polygons:

             (84, -270)  , (6, -318)  , (82, -309)  , (108, -293) 
             (351, -8)  , (394, -79)  , (414, -87)  , (535, -79)  , (530, -3) 
             (535, -79)  , (418, -158)  , (409, -191)  , (569, -187) 
             (394, -79)  , (349, -98)  , (363, -115) 
             (374, -199)  , (387, -205)  , (409, -191)  , (418, -158)  , (376, -171) 
             (119, -161)  , (119, -152)  , (-1, -3)  , (97, -184)  , (112, -181) 
             (238, -87)  , (199, -120)  , (216, -132) 
             (30, -373)  , (63, -378)  , (85, -369)  , (82, -309)  , (6, -318)  , (6, -358) 
             (69, -211)  , (-1, -3)  , (6, -318)  , (84, -270) 
             (119, -152)  , (119, -161)  , (147, -152) 
             (349, -98)  , (394, -79)  , (351, -8)  , (238, -87)  , (305, -114) 
             (238, -87)  , (-1, -3)  , (130, -135)  , (199, -120) 
             (97, -184)  , (-1, -3)  , (69, -211) 
             (535, -79)  , (414, -87)  , (418, -158) 
             (-1, -3)  , (238, -87)  , (351, -8) 
             (-1, -3)  , (119, -152)  , (130, -135) 


        ----------------------------------------------------------
        fixtureType:             CIRCLE

        Box2D special values (only available if box2d is active):
            filter_groupIndex:   
            filter_categoryBits: 
            filter_maskBits:     

        Custom values (from the <fixtures> section):
            density:             2
            friction:            0.7
            restitution:         0.2
            isSensor:            NO


        Circle: 
            radius = 32.311
            center = 385.455,-289.091



